Automatically generated mesh
     186
Reciprocal lattice
    0.00000000000000    0.00000000000000    0.00000000000000             1
    0.09090909090909    0.00000000000000    0.00000000000000             8
    0.18181818181818   -0.00000000000000   -0.00000000000000             8
    0.27272727272727   -0.00000000000000   -0.00000000000000             8
    0.36363636363637   -0.00000000000000   -0.00000000000000             8
    0.45454545454545   -0.00000000000000    0.00000000000000             8
    0.09090909090909    0.09090909090909   -0.00000000000000             4
    0.00000000000000    0.09090909090909    0.09090909090909             2
    0.18181818181818    0.09090909090909    0.00000000000000             8
    0.00000000000000    0.18181818181818    0.09090909090909             8
    0.09090909090909    0.09090909090909   -0.09090909090909             8
    0.27272727272727    0.09090909090909    0.00000000000000             8
    0.00000000000000    0.27272727272727    0.09090909090909             8
    0.09090909090909    0.09090909090909   -0.18181818181818             8
    0.36363636363637    0.09090909090909    0.00000000000000             8
    0.00000000000000    0.36363636363637    0.09090909090909             8
    0.09090909090909    0.09090909090909   -0.27272727272727             8
    0.45454545454545    0.09090909090909    0.00000000000000             8
    0.00000000000000    0.45454545454545    0.09090909090909             8
    0.09090909090909    0.09090909090909   -0.36363636363636             8
   -0.45454545454545    0.09090909090909    0.00000000000000             8
   -0.00000000000000   -0.45454545454545    0.09090909090909             8
    0.09090909090909    0.09090909090909   -0.45454545454545             8
   -0.36363636363637    0.09090909090909   -0.00000000000000             8
   -0.00000000000000   -0.36363636363637    0.09090909090909             8
    0.09090909090909    0.09090909090909    0.45454545454546             8
   -0.27272727272727    0.09090909090909    0.00000000000000             8
   -0.00000000000000   -0.27272727272727    0.09090909090909             8
    0.09090909090909    0.09090909090909    0.36363636363637             8
   -0.18181818181818    0.09090909090909    0.00000000000000             8
   -0.00000000000000   -0.18181818181818    0.09090909090909             8
    0.09090909090909    0.09090909090909    0.27272727272727             8
   -0.09090909090909    0.09090909090909   -0.00000000000000             8
   -0.00000000000000   -0.09090909090909    0.09090909090909             4
    0.18181818181818    0.18181818181818    0.00000000000000             4
    0.00000000000000    0.18181818181818    0.18181818181818             2
    0.27272727272727    0.18181818181818    0.00000000000000             8
    0.00000000000000    0.27272727272727    0.18181818181818             8
    0.18181818181818    0.18181818181818   -0.09090909090909             8
    0.36363636363637    0.18181818181818    0.00000000000000             8
    0.00000000000000    0.36363636363637    0.18181818181818             8
    0.18181818181818    0.18181818181818   -0.18181818181819             8
    0.45454545454545    0.18181818181818    0.00000000000000             8
    0.00000000000000    0.45454545454545    0.18181818181818             8
    0.18181818181818    0.18181818181818   -0.27272727272727             8
   -0.45454545454545    0.18181818181818   -0.00000000000000             8
   -0.00000000000000   -0.45454545454545    0.18181818181818             8
    0.18181818181818    0.18181818181818   -0.36363636363637             8
   -0.36363636363637    0.18181818181818    0.00000000000000             8
    0.00000000000000   -0.36363636363637    0.18181818181818             8
    0.18181818181818    0.18181818181818   -0.45454545454545             8
   -0.27272727272727    0.18181818181818    0.00000000000000             8
    0.00000000000000   -0.27272727272727    0.18181818181818             8
    0.18181818181818    0.18181818181818    0.45454545454545             8
   -0.18181818181818    0.18181818181818    0.00000000000000             8
    0.00000000000000   -0.18181818181818    0.18181818181818             4
    0.27272727272727    0.27272727272727    0.00000000000000             4
    0.00000000000000    0.27272727272727    0.27272727272727             2
    0.36363636363637    0.27272727272727    0.00000000000000             8
    0.00000000000000    0.36363636363637    0.27272727272727             8
    0.27272727272727    0.27272727272727   -0.09090909090909             8
    0.45454545454545    0.27272727272727    0.00000000000000             8
    0.00000000000000    0.45454545454545    0.27272727272727             8
    0.27272727272727    0.27272727272727   -0.18181818181818             8
   -0.45454545454545    0.27272727272727   -0.00000000000000             8
    0.00000000000000   -0.45454545454545    0.27272727272727             8
    0.27272727272727    0.27272727272727   -0.27272727272727             8
   -0.36363636363637    0.27272727272727    0.00000000000000             8
    0.00000000000000   -0.36363636363637    0.27272727272727             8
    0.27272727272727    0.27272727272727   -0.36363636363636             8
   -0.27272727272727    0.27272727272727    0.00000000000000             8
    0.00000000000000   -0.27272727272727    0.27272727272727             4
    0.36363636363637    0.36363636363637    0.00000000000000             4
    0.00000000000000    0.36363636363637    0.36363636363637             2
    0.45454545454545    0.36363636363637    0.00000000000000             8
    0.00000000000000    0.45454545454545    0.36363636363637             8
    0.36363636363637    0.36363636363637   -0.09090909090909             8
   -0.45454545454545    0.36363636363637   -0.00000000000000             8
    0.00000000000000   -0.45454545454545    0.36363636363637             8
    0.36363636363637    0.36363636363637   -0.18181818181818             8
   -0.36363636363637    0.36363636363637    0.00000000000000             8
    0.00000000000000   -0.36363636363637    0.36363636363637             4
    0.45454545454545    0.45454545454545    0.00000000000000             4
    0.00000000000000    0.45454545454545    0.45454545454545             2
   -0.45454545454545    0.45454545454545    0.00000000000000             8
    0.00000000000000   -0.45454545454545    0.45454545454545             4
    0.27272727272727    0.18181818181818    0.09090909090909             4
    0.09090909090909    0.27272727272727    0.18181818181818             8
    0.18181818181818    0.09090909090909    0.27272727272727             8
    0.27272727272727    0.09090909090909    0.18181818181818             4
    0.36363636363637    0.18181818181818    0.09090909090909             8
    0.09090909090909    0.36363636363637    0.18181818181818             8
    0.18181818181818    0.09090909090909    0.36363636363637             8
    0.18181818181818    0.09090909090909   -0.18181818181819             8
    0.36363636363637    0.18181818181819    0.27272727272727             8
    0.09090909090909   -0.27272727272727   -0.09090909090909             8
    0.45454545454545    0.18181818181818    0.09090909090909             8
    0.09090909090909    0.45454545454545    0.18181818181818             8
    0.18181818181818    0.09090909090909    0.45454545454545             8
    0.18181818181818    0.09090909090909   -0.27272727272727             8
    0.45454545454545    0.27272727272727    0.36363636363636             8
    0.09090909090909   -0.36363636363636   -0.09090909090909             8
   -0.45454545454545    0.18181818181818    0.09090909090909             8
    0.09090909090909   -0.45454545454545    0.18181818181818             8
    0.18181818181818    0.09090909090909   -0.45454545454545             8
    0.18181818181818    0.09090909090909   -0.36363636363637             8
   -0.45454545454545    0.36363636363637    0.45454545454545             8
    0.09090909090909   -0.45454545454545   -0.09090909090909             8
    0.36363636363637    0.27272727272727    0.09090909090909             4
    0.09090909090909    0.36363636363637    0.27272727272727             8
    0.27272727272727    0.09090909090909    0.36363636363637             8
    0.36363636363637    0.09090909090909    0.27272727272727             4
    0.45454545454545    0.27272727272727    0.09090909090909             8
    0.09090909090909    0.45454545454545    0.27272727272727             8
    0.27272727272727    0.09090909090909    0.45454545454545             8
    0.27272727272727    0.18181818181818   -0.18181818181818             8
    0.45454545454545    0.18181818181818    0.36363636363636             8
    0.09090909090909   -0.36363636363636   -0.18181818181818             8
   -0.45454545454545    0.27272727272727    0.09090909090909             8
    0.09090909090909   -0.45454545454545    0.27272727272727             8
    0.27272727272727    0.09090909090909   -0.45454545454545             8
    0.27272727272727    0.18181818181818   -0.27272727272727             8
   -0.45454545454545    0.27272727272727    0.45454545454545             8
    0.09090909090909   -0.45454545454545   -0.18181818181818             8
   -0.36363636363637    0.27272727272727    0.09090909090909             8
    0.09090909090909   -0.36363636363637    0.27272727272727             8
    0.27272727272727    0.09090909090909   -0.36363636363637             8
    0.27272727272727    0.18181818181818   -0.36363636363636             8
   -0.36363636363637    0.36363636363636   -0.45454545454546             8
    0.09090909090909    0.45454545454546   -0.18181818181818             8
   -0.27272727272727    0.27272727272727    0.09090909090909             8
    0.09090909090909   -0.27272727272727    0.27272727272727             8
    0.27272727272727    0.09090909090909   -0.27272727272727             8
    0.27272727272727    0.18181818181818   -0.45454545454545             8
   -0.27272727272727    0.45454545454545   -0.36363636363637             8
    0.09090909090909    0.36363636363637   -0.18181818181818             8
   -0.18181818181818    0.27272727272727    0.09090909090909             8
    0.09090909090909   -0.18181818181818    0.27272727272727             4
    0.27272727272727    0.09090909090909   -0.18181818181818             8
    0.09090909090909    0.27272727272727   -0.18181818181818             4
    0.45454545454545    0.36363636363637    0.09090909090909             4
    0.09090909090909    0.45454545454545    0.36363636363637             8
    0.36363636363637    0.09090909090909    0.45454545454545             8
    0.45454545454545    0.09090909090909    0.36363636363636             4
   -0.45454545454545    0.36363636363637    0.09090909090909             8
    0.09090909090909   -0.45454545454545    0.36363636363637             8
    0.36363636363637    0.09090909090909   -0.45454545454545             8
    0.36363636363637    0.27272727272727   -0.18181818181818             8
   -0.45454545454545    0.18181818181818    0.45454545454545             8
    0.09090909090909   -0.45454545454545   -0.27272727272727             8
   -0.36363636363637    0.36363636363637    0.09090909090909             8
    0.09090909090909   -0.36363636363637    0.36363636363637             8
    0.36363636363637    0.09090909090909   -0.36363636363637             8
    0.36363636363637    0.27272727272727   -0.27272727272727             8
   -0.36363636363637    0.27272727272727   -0.45454545454546             8
    0.09090909090909    0.45454545454546   -0.27272727272727             8
   -0.27272727272727    0.36363636363637    0.09090909090909             8
    0.09090909090909   -0.27272727272727    0.36363636363637             4
    0.36363636363637    0.09090909090909   -0.27272727272727             8
    0.09090909090909    0.36363636363637   -0.27272727272727             4
   -0.45454545454545    0.45454545454545    0.09090909090909             4
    0.09090909090909   -0.45454545454545    0.45454545454545             8
    0.45454545454545    0.09090909090909   -0.45454545454545             8
   -0.45454545454545    0.09090909090909    0.45454545454545             4
   -0.36363636363637    0.45454545454545    0.09090909090909             8
    0.09090909090909   -0.36363636363637    0.45454545454545             4
    0.45454545454545    0.09090909090909   -0.36363636363637             8
    0.09090909090909    0.45454545454546   -0.36363636363636             4
   -0.45454545454545    0.36363636363637    0.18181818181818             4
    0.18181818181818   -0.45454545454545    0.36363636363637             8
    0.36363636363637    0.18181818181818   -0.45454545454545             8
   -0.45454545454545    0.18181818181818    0.36363636363637             4
   -0.36363636363637    0.36363636363637    0.18181818181818             8
    0.18181818181818   -0.36363636363637    0.36363636363637             8
    0.36363636363637    0.18181818181818   -0.36363636363637             8
    0.36363636363637    0.18181818181819   -0.27272727272727             8
   -0.36363636363637    0.27272727272727    0.45454545454545             8
    0.18181818181818   -0.45454545454545   -0.18181818181819             8
   -0.36363636363637    0.45454545454545    0.18181818181818             4
    0.18181818181818   -0.36363636363637    0.45454545454545             8
    0.45454545454545    0.18181818181818   -0.36363636363637             8
   -0.36363636363637    0.18181818181818    0.45454545454545             4
   -0.27272727272727    0.45454545454545    0.18181818181818             8
    0.18181818181818   -0.27272727272727    0.45454545454545             4
    0.45454545454545    0.18181818181818   -0.27272727272727             8
    0.18181818181818    0.45454545454545   -0.27272727272727             4
Tetrahedra
      1048    0.00012521913348
        16         1         2         2         7
         8         1         2         2         8
         8         2         7         9        34
         8         2         3         9        34
         8         2         3        11        34
         8         2         2         7        34
         8         2         7        11        34
         8         3         9        12        31
         8         3         4        12        31
         8         3         4        14        31
         8         3         9        31        34
         8         3        11        31        34
         8         3        11        14        31
         8         4        12        15        28
         8         4         5        15        28
         8         4         5        17        28
         8         4        12        28        31
         8         4        14        28        31
         8         4        14        17        28
         8         5        15        18        25
         8         5         6        18        25
         8         5         6        20        25
         8         5        15        25        28
         8         5        17        25        28
         8         5        17        20        25
         8         6        18        21        22
         8         6         6        21        22
         8         6         6        22        23
         8         6        18        22        25
         8         6        20        22        25
         8         6        20        22        23
         8         6        19        21        24
         8         5         6        19        24
         8         5         6        19        26
         8         6        19        21        22
         8         6        19        22        23
         8         6        19        23        26
         8         5        16        24        27
         8         4         5        16        27
         8         4         5        16        29
         8         5        16        19        24
         8         5        16        19        26
         8         5        16        26        29
         8         4        13        27        30
         8         3         4        13        30
         8         3         4        13        32
         8         4        13        16        27
         8         4        13        16        29
         8         4        13        29        32
         8         3        10        30        33
        16         2         3        10        33
         8         3        10        13        30
         8         3        10        13        32
         8         3        10        32        33
         8         2         2         8        33
        16         2         8        10        33
         8         2         3        11        33
         8         2         7        11        33
         8         2         2         7        33
         8         7         9        11        35
         4         7         9         9        35
         4         7         9         9        34
         8         7         9        11        33
         8         2         7         9        33
         8         9        35        37        87
         8         9        12        37        87
         8         9        12        31        87
         4         9         9        35        87
         4         9         9        34        87
         8         9        31        34        87
         8        12        37        40        91
         8        12        15        40        91
         8        12        15        28        91
         8        12        37        87        91
         8        12        31        87        91
         8        12        28        31        91
         8        15        40        43        97
         8        15        18        43        97
         8        15        18        25        97
         8        15        40        91        97
         8        15        28        91        97
         8        15        25        28        97
         8        18        43        46       103
         8        18        21        46       103
         8        18        21        22       103
         8        18        43        97       103
         8        18        25        97       103
         8        18        22        25       103
         8        21        46        49       104
         8        21        24        49       104
         8        19        21        24       104
         8        21        46       103       104
         8        21        22       103       104
         8        19        21        22       104
         8        24        49        52        98
         8        24        27        52        98
         8        16        24        27        98
         8        24        49        98       104
         8        19        24        98       104
         8        16        19        24        98
         8        27        52        55        92
         8        27        30        55        92
         8        13        27        30        92
         8        27        52        92        98
         8        16        27        92        98
         8        13        16        27        92
         8        30        32        55        88
         8        30        32        33        88
         8        10        30        33        88
         8        30        55        88        92
         8        13        30        88        92
         8        10        13        30        88
         8        10        32        33        88
         8        10        10        33        88
         8         8        10        10        33
         8         3         4        14        30
         8         3        11        14        30
         8         3        11        30        33
         8        11        14        39        89
         8        11        35        39        89
         8         9        11        35        89
         8        11        14        30        89
         8        11        30        33        89
         8         9        11        33        89
         8        35        37        39        57
         4        35        37        37        57
         4        35        37        37        87
         8        35        37        39        89
         8         9        35        37        89
         8        37        57        59       109
         8        37        40        59       109
         8        37        40        91       109
         4        37        37        57       109
         4        37        37        87       109
         8        37        87        91       109
         8        40        59        62       113
         8        40        43        62       113
         8        40        43        97       113
         8        40        59       109       113
         8        40        91       109       113
         8        40        91        97       113
         8        43        62        65       119
         8        43        46        65       119
         8        43        46       103       119
         8        43        62       113       119
         8        43        97       113       119
         8        43        97       103       119
         8        46        65        68       125
         8        46        49        68       125
         8        46        49       104       125
         8        46        65       119       125
         8        46       103       119       125
         8        46       103       104       125
         8        49        68        71       131
         8        49        52        71       131
         8        49        52        98       131
         8        49        68       125       131
         8        49       104       125       131
         8        49        98       104       131
         8        52        54        71       137
         8        52        54        55       137
         8        52        55        92       137
         8        52        71       131       137
         8        52        98       131       137
         8        52        92        98       137
         8        29        54        55        96
         8        29        32        55        96
         8        32        55        88        96
         8        54        55        96       137
         8        55        92        96       137
         8        55        88        92        96
         8        13        29        32        96
         8        13        32        88        96
         8        10        13        32        88
         8         4         5        17        27
         8         4        14        17        27
         8         4        14        27        30
         8        14        17        42        94
         8        14        39        42        94
         8        14        39        89        94
         8        14        17        27        94
         8        14        27        30        94
         8        14        30        89        94
         8        39        42        61       111
         8        39        57        61       111
         8        37        39        57       111
         8        39        42        94       111
         8        39        89        94       111
         8        37        39        89       111
         8        57        59        61        73
         4        57        59        59        73
         4        57        59        59       109
         8        57        59        61       111
         8        37        57        59       111
         8        59        73        75       141
         8        59        62        75       141
         8        59        62       113       141
         4        59        59        73       141
         4        59        59       109       141
         8        59       109       113       141
         8        62        75        78       145
         8        62        65        78       145
         8        62        65       119       145
         8        62        75       141       145
         8        62       113       141       145
         8        62       113       119       145
         8        65        78        81       151
         8        65        68        81       151
         8        65        68       125       151
         8        65        78       145       151
         8        65       119       145       151
         8        65       119       125       151
         8        68        70        81       157
         8        68        70        71       157
         8        68        71       131       157
         8        68        81       151       157
         8        68       125       151       157
         8        68       125       131       157
         8        51        70        71       135
         8        51        54        71       135
         8        54        71       135       137
         8        70        71       135       157
         8        71       131       135       157
         8        71       131       135       137
         8        26        51        54       102
         8        26        29        54       102
         8        29        54        96       102
         8        51        54       102       135
         8        54       102       135       137
         8        54        96       102       137
         8        16        26        29       102
         8        16        29        96       102
         8        13        16        29        96
         8         5         6        20        24
         8         5        17        20        24
         8         5        17        24        27
         8        17        20        45       100
         8        17        42        45       100
         8        17        42        94       100
         8        17        20        24       100
         8        17        24        27       100
         8        17        27        94       100
         8        42        45        64       116
         8        42        61        64       116
         8        42        61       111       116
         8        42        45       100       116
         8        42        94       100       116
         8        42        94       111       116
         8        61        64        77       143
         8        61        73        77       143
         8        59        61        73       143
         8        61        64       116       143
         8        61       111       116       143
         8        59        61       111       143
         8        73        75        77        83
         4        73        75        75        83
         4        73        75        75       141
         8        73        75        77       143
         8        59        73        75       143
         8        75        83        85       161
         8        75        78        85       161
         8        75        78       145       161
         4        75        75        83       161
         4        75        75       141       161
         8        75       141       145       161
         8        78        80        85       165
         8        78        80        81       165
         8        78        81       151       165
         8        78        85       161       165
         8        78       145       161       165
         8        78       145       151       165
         8        67        80        81       155
         8        67        70        81       155
         8        70        81       155       157
         8        80        81       155       165
         8        81       151       155       165
         8        81       151       155       157
         8        48        67        70       129
         8        48        51        70       129
         8        51        70       129       135
         8        67        70       129       155
         8        70       129       155       157
         8        70       129       135       157
         8        23        48        51       108
         8        23        26        51       108
         8        26        51       102       108
         8        48        51       108       129
         8        51       108       129       135
         8        51       102       108       135
         8        19        23        26       108
         8        19        26       102       108
         8        16        19        26       102
         8         6         6        21        23
         8         6        20        21        23
         8         6        20        21        24
         8        20        23        48       106
         8        20        45        48       106
         8        20        45       100       106
         8        20        21        23       106
         8        20        21        24       106
         8        20        24       100       106
         8        45        48        67       122
         8        45        64        67       122
         8        45        64       116       122
         8        45        48       106       122
         8        45       100       106       122
         8        45       100       116       122
         8        64        67        80       148
         8        64        77        80       148
         8        64        77       143       148
         8        64        67       122       148
         8        64       116       122       148
         8        64       116       143       148
         8        77        80        85       163
         8        77        83        85       163
         8        75        77        83       163
         8        77        80       148       163
         8        77       143       148       163
         8        75        77       143       163
         8        83        83        85        85
         4        83        85        85       161
         8        83        85        85       163
         8        75        83        85       163
         8        77        83        85       164
         8        77        80        85       164
         8        80        85       164       165
         4        83        85        85       164
         4        85        85       161       164
         8        85       161       164       165
         8        64        77        80       149
         8        64        67        80       149
         8        67        80       149       155
         8        77        80       149       164
         8        80       149       164       165
         8        80       149       155       165
         8        45        64        67       123
         8        45        48        67       123
         8        48        67       123       129
         8        64        67       123       149
         8        67       123       149       155
         8        67       123       129       155
         8        20        45        48       107
         8        20        23        48       107
         8        23        48       107       108
         8        45        48       107       123
         8        48       107       123       129
         8        48       107       108       129
         8        20        22        23       107
         8        22        23       107       108
         8        19        22        23       108
         8         5         6        18        26
         8         6        18        23        26
         8         6        18        21        23
         8        23        26        51       105
         8        23        48        51       105
         8        23        48       105       106
         8        18        23        26       105
         8        18        21        23       105
         8        21        23       105       106
         8        48        51        70       128
         8        48        67        70       128
         8        48        67       122       128
         8        48        51       105       128
         8        48       105       106       128
         8        48       106       122       128
         8        67        70        81       154
         8        67        80        81       154
         8        67        80       148       154
         8        67        70       128       154
         8        67       122       128       154
         8        67       122       148       154
         8        78        80        81       167
         8        78        80        85       167
         8        80        85       163       167
         8        80        81       154       167
         8        80       148       154       167
         8        80       148       163       167
         8        75        78        85       163
         8        78        85       163       167
         8        85       163       163       167
         4        85        85       163       163
         4        73        77        77        83
         4        77        77        83       164
         8        61        73        77       144
         8        61        64        77       144
         8        64        77       144       149
         4        73        77        77       144
         4        77        77       144       164
         8        77       144       149       164
         8        42        61        64       117
         8        42        45        64       117
         8        45        64       117       123
         8        61        64       117       144
         8        64       117       144       149
         8        64       117       123       149
         8        17        42        45       101
         8        17        20        45       101
         8        20        45       101       107
         8        42        45       101       117
         8        45       101       117       123
         8        45       101       107       123
         8        17        20        25       101
         8        20        25       101       107
         8        20        22        25       107
         8         4         5        15        29
         8         5        15        26        29
         8         5        15        18        26
         8        26        29        54        99
         8        26        51        54        99
         8        26        51        99       105
         8        15        26        29        99
         8        15        18        26        99
         8        18        26        99       105
         8        51        54        71       134
         8        51        70        71       134
         8        51        70       128       134
         8        51        54        99       134
         8        51        99       105       134
         8        51       105       128       134
         8        68        70        71       159
         8        68        70        81       159
         8        70        81       154       159
         8        70        71       134       159
         8        70       128       134       159
         8        70       128       154       159
         8        65        68        81       153
         8        65        78        81       153
         8        78        81       153       167
         8        68        81       153       159
         8        81       153       154       159
         8        81       153       154       167
         8        62        65        78       147
         8        62        75        78       147
         8        75        78       147       163
         8        65        78       147       153
         8        78       147       153       167
         8        78       147       163       167
         8        59        62        75       143
         8        62        75       143       147
         8        75       143       147       163
         4        57        61        61        73
         4        61        61        73       144
         8        39        57        61       112
         8        39        42        61       112
         8        42        61       112       117
         4        57        61        61       112
         4        61        61       112       144
         8        61       112       117       144
         8        14        39        42        95
         8        14        17        42        95
         8        17        42        95       101
         8        39        42        95       112
         8        42        95       112       117
         8        42        95       101       117
         8        14        17        28        95
         8        17        28        95       101
         8        17        25        28       101
         8         3         4        12        32
         8         4        12        29        32
         8         4        12        15        29
         8        29        32        55        93
         8        29        54        55        93
         8        29        54        93        99
         8        12        29        32        93
         8        12        15        29        93
         8        15        29        93        99
         8        52        54        55       139
         8        52        54        71       139
         8        54        71       134       139
         8        54        55        93       139
         8        54        93        99       139
         8        54        99       134       139
         8        49        52        71       133
         8        49        68        71       133
         8        68        71       133       159
         8        52        71       133       139
         8        71       133       134       139
         8        71       133       134       159
         8        46        49        68       127
         8        46        65        68       127
         8        65        68       127       153
         8        49        68       127       133
         8        68       127       133       159
         8        68       127       153       159
         8        43        46        65       121
         8        43        62        65       121
         8        62        65       121       147
         8        46        65       121       127
         8        65       121       127       153
         8        65       121       147       153
         8        40        43        62       115
         8        40        59        62       115
         8        59        62       115       143
         8        43        62       115       121
         8        62       115       121       147
         8        62       115       143       147
         8        37        40        59       111
         8        40        59       111       115
         8        59       111       115       143
         4        35        39        39        57
         4        39        39        57       112
         8        11        35        39        90
         8        11        14        39        90
         8        14        39        90        95
         4        35        39        39        90
         4        39        39        90       112
         8        39        90        95       112
         8        11        14        31        90
         8        14        31        90        95
         8        14        28        31        95
         8         2         3         9        33
         8         3         9        32        33
         8         3         9        12        32
         8        30        32        33        89
         8        30        32        55        89
         8        32        55        89        93
         8         9        32        33        89
         8         9        12        32        89
         8        12        32        89        93
         8        27        30        55        94
         8        27        52        55        94
         8        52        55        94       139
         8        30        55        89        94
         8        55        89        93        94
         8        55        93        94       139
         8        24        27        52       100
         8        24        49        52       100
         8        49        52       100       133
         8        27        52        94       100
         8        52        94       100       139
         8        52       100       133       139
         8        21        24        49       106
         8        21        46        49       106
         8        46        49       106       127
         8        24        49       100       106
         8        49       100       106       133
         8        49       106       127       133
         8        18        21        46       105
         8        18        43        46       105
         8        43        46       105       121
         8        21        46       105       106
         8        46       105       106       127
         8        46       105       121       127
         8        15        18        43        99
         8        15        40        43        99
         8        40        43        99       115
         8        18        43        99       105
         8        43        99       105       121
         8        43        99       115       121
         8        12        15        40        93
         8        12        37        40        93
         8        37        40        93       111
         8        15        40        93        99
         8        40        93        99       115
         8        40        93       111       115
         8         9        12        37        89
         8        12        37        89        93
         8        37        89        93       111
         4         7        11        11        35
         4        11        11        35        90
         4         7        11        11        34
         4        11        11        34        90
         8        11        31        34        90
         8         8        10        10        36
         4        31        31        34        87
         4        31        31        34        90
         8        31        56        87        91
         8        28        31        56        91
         8        28        31        56        95
         4        31        31        56        87
         4        31        31        56        90
         8        31        56        90        95
         8        28        53        91        97
         8        25        28        53        97
         8        25        28        53       101
         8        28        53        56        91
         8        28        53        56        95
         8        28        53        95       101
         8        25        50        97       103
         8        22        25        50       103
         8        22        25        50       107
         8        25        50        53        97
         8        25        50        53       101
         8        25        50       101       107
         8        22        47       103       104
         8        19        22        47       104
         8        19        22        47       108
         8        22        47        50       103
         8        22        47        50       107
         8        22        47       107       108
         8        19        44        98       104
         8        16        19        44        98
         8        16        19        44       102
         8        19        44        47       104
         8        19        44        47       108
         8        19        44       102       108
         8        16        41        92        98
         8        13        16        41        92
         8        13        16        41        96
         8        16        41        44        98
         8        16        41        44       102
         8        16        41        96       102
         8        13        38        88        92
        16        10        13        38        88
         8        13        38        41        92
         8        13        38        41        96
         8        13        38        88        96
         8        10        10        36        88
        16        10        36        38        88
         4        87        91        91       109
         4        56        87        91        91
         8        91       109       113       138
         8        91        97       113       138
         8        53        91        97       138
         4        91        91       109       138
         4        56        91        91       138
         8        53        56        91       138
         8        97       113       119       132
         8        97       103       119       132
         8        50        97       103       132
         8        97       113       132       138
         8        53        97       132       138
         8        50        53        97       132
         8       103       119       125       126
         8       103       104       125       126
         8        47       103       104       126
         8       103       119       126       132
         8        50       103       126       132
         8        47        50       103       126
         8       104       120       125       131
         8        98       104       120       131
         8        44        98       104       120
         8       104       120       125       126
         8        47       104       120       126
         8        44        47       104       120
         8        98       114       131       137
         8        92        98       114       137
         8        41        92        98       114
         8        98       114       120       131
         8        44        98       114       120
         8        41        44        98       114
         8        92        96       110       137
         8        88        92        96       110
         8        38        88        92       110
         8        92       110       114       137
         8        41        92       110       114
         8        38        41        92       110
         8        38        88        96       110
         8        38        38        88       110
         8        36        38        38        88
         8        89        93        94       111
         4       109       113       113       141
         4       109       113       113       138
         8       113       141       145       169
         8       113       119       145       169
         8       113       119       132       169
         4       113       113       141       169
         4       113       113       138       169
         8       113       132       138       169
         8       119       145       151       173
         8       119       125       151       173
         8       119       125       126       173
         8       119       145       169       173
         8       119       132       169       173
         8       119       126       132       173
         8       125       151       157       174
         8       125       131       157       174
         8       120       125       131       174
         8       125       151       173       174
         8       125       126       173       174
         8       120       125       126       174
         8       131       135       157       170
         8       131       135       137       170
         8       114       131       137       170
         8       131       157       170       174
         8       120       131       170       174
         8       114       120       131       170
         8       102       118       135       137
         8        96       102       118       137
         8        96       110       118       137
         8       118       135       137       170
         8       114       118       137       170
         8       110       114       118       137
         8        41        96       102       118
         8        41        96       110       118
         8        38        41        96       110
         8        94       100       116       139
         8        94       111       116       139
         8        93        94       111       139
         8       111       115       116       143
         8       111       115       116       139
         8        93       111       115       139
         4       141       145       145       161
         4       141       145       145       169
         8       145       161       165       179
         8       145       151       165       179
         8       145       151       173       179
         4       145       145       161       179
         4       145       145       169       179
         8       145       169       173       179
         8       151       155       165       183
         8       151       155       157       183
         8       151       157       174       183
         8       151       165       179       183
         8       151       173       179       183
         8       151       173       174       183
         8       129       155       157       178
         8       129       135       157       178
         8       135       157       170       178
         8       155       157       178       183
         8       157       174       178       183
         8       157       170       174       178
         8       108       124       129       135
         8       102       108       124       135
         8       102       118       124       135
         8       124       129       135       178
         8       124       135       170       178
         8       118       124       135       170
         8        44       102       108       124
         8        44       102       118       124
         8        41        44       102       118
         8       100       106       122       133
         8       100       116       122       133
         8       100       116       133       139
         8       116       122       148       171
         8       116       143       148       171
         8       115       116       143       171
         8       116       122       133       171
         8       116       133       139       171
         8       115       116       139       171
         8       143       147       148       163
         8       143       147       148       171
         8       115       143       147       171
         4       161       164       165       165
         4       161       165       165       179
         8       149       164       165       182
         8       149       155       165       182
         8       155       165       182       183
         4       164       165       165       182
         4       165       165       179       182
         8       165       179       182       183
         8       123       149       155       177
         8       123       129       155       177
         8       129       155       177       178
         8       149       155       177       182
         8       155       177       182       183
         8       155       177       178       183
         8       107       123       129       130
         8       107       108       129       130
         8       108       124       129       130
         8       123       129       130       177
         8       129       130       177       178
         8       124       129       130       178
         8        47       107       108       130
         8        47       108       124       130
         8        44        47       108       124
         8       105       106       127       128
         8       106       122       127       128
         8       106       122       127       133
         8       122       128       154       176
         8       122       148       154       176
         8       122       148       171       176
         8       122       127       128       176
         8       122       127       133       176
         8       122       133       171       176
         8       148       154       167       181
         8       148       163       167       181
         8       147       148       163       181
         8       148       154       176       181
         8       148       171       176       181
         8       147       148       171       181
         4       163       163       167       167
         8       163       167       167       181
         8       147       163       167       181
         4       144       149       149       164
         4       149       149       164       182
         8       117       144       149       172
         8       117       123       149       172
         8       123       149       172       177
         4       144       149       149       172
         4       149       149       172       182
         8       149       172       177       182
         8       101       117       123       136
         8       101       107       123       136
         8       107       123       130       136
         8       117       123       136       172
         8       123       136       172       177
         8       123       130       136       177
         8        50       101       107       136
         8        50       107       130       136
         8        47        50       107       130
         8        99       105       121       134
         8       105       121       128       134
         8       105       121       127       128
         8       128       134       159       175
         8       128       154       159       175
         8       128       154       175       176
         8       121       128       134       175
         8       121       127       128       175
         8       127       128       175       176
         8       153       154       159       185
         8       153       154       167       185
         8       154       167       181       185
         8       154       159       175       185
         8       154       175       176       185
         8       154       176       181       185
         8       147       153       167       181
         8       153       167       181       185
         8       167       181       181       185
         4       167       167       181       181
         4       112       117       117       144
         4       117       117       144       172
         8        95       112       117       140
         8        95       101       117       140
         8       101       117       136       140
         4       112       117       117       140
         4       117       117       140       172
         8       117       136       140       172
         8        53        95       101       140
         8        53       101       136       140
         8        50        53       101       136
         8        93        99       115       139
         8        99       115       134       139
         8        99       115       121       134
         8       133       134       139       171
         8       133       134       159       171
         8       134       159       171       175
         8       115       134       139       171
         8       115       121       134       171
         8       121       134       171       175
         8       127       133       159       176
         8       127       153       159       176
         8       153       159       176       185
         8       133       159       171       176
         8       159       171       175       176
         8       159       175       176       185
         8       121       127       153       175
         8       121       147       153       175
         8       147       153       175       181
         8       127       153       175       176
         8       153       175       176       185
         8       153       175       181       185
         8       115       121       147       171
         8       121       147       171       175
         8       147       171       175       181
         4        90        95        95       112
         4        95        95       112       140
         4        56        90        95        95
         4        56        95        95       140
         8        53        56        95       140
         8        36        38        38        58
         4        53        53        56       138
         4        53        53        56       140
         8        53        72       132       138
         8        50        53        72       132
         8        50        53        72       136
         4        53        53        72       138
         4        53        53        72       140
         8        53        72       136       140
         8        50        69       126       132
         8        47        50        69       126
         8        47        50        69       130
         8        50        69        72       132
         8        50        69        72       136
         8        50        69       130       136
         8        47        66       120       126
         8        44        47        66       120
         8        44        47        66       124
         8        47        66        69       126
         8        47        66        69       130
         8        47        66       124       130
         8        44        63       114       120
         8        41        44        63       114
         8        41        44        63       118
         8        44        63        66       120
         8        44        63        66       124
         8        44        63       118       124
         8        41        60       110       114
        16        38        41        60       110
         8        41        60        63       114
         8        41        60        63       118
         8        41        60       110       118
         8        38        38        58       110
        16        38        58        60       110
         4       132       132       138       169
         4        72       132       132       138
         8       132       158       169       173
         8       126       132       158       173
         8        69       126       132       158
         4       132       132       158       169
         4        72       132       132       158
         8        69        72       132       158
         8       126       152       173       174
         8       120       126       152       174
         8        66       120       126       152
         8       126       152       158       173
         8        69       126       152       158
         8        66        69       126       152
         8       120       146       170       174
         8       114       120       146       170
         8        63       114       120       146
         8       120       146       152       174
         8        66       120       146       152
         8        63        66       120       146
         8       114       118       142       170
         8       110       114       118       142
         8        60       110       114       142
         8       114       142       146       170
         8        63       114       142       146
         8        60        63       114       142
         8        60       110       118       142
         8        60        60       110       142
         8        58        60        60       110
         4       169       173       173       179
         4       158       169       173       173
         8       173       179       183       184
         8       173       174       183       184
         8       152       173       174       184
         4       173       173       179       184
         4       158       173       173       184
         8       152       158       173       184
         8       174       178       180       183
         8       170       174       178       180
         8       146       170       174       180
         8       174       180       183       184
         8       152       174       180       184
         8       146       152       174       180
         8       124       150       170       178
         8       118       124       150       170
         8       118       142       150       170
         8       150       170       178       180
         8       146       150       170       180
         8       142       146       150       170
         8        63       118       124       150
         8        63       118       142       150
         8        60        63       118       142
         4       179       182       183       183
         4       179       183       183       184
         8       177       182       183       186
         8       177       178       183       186
         8       178       180       183       186
         4       182       183       183       186
         4       183       183       184       186
         8       180       183       184       186
         8       130       156       177       178
         8       124       130       156       178
         8       124       150       156       178
         8       156       177       178       186
         8       156       178       180       186
         8       150       156       178       180
         8        66       124       130       156
         8        66       124       150       156
         8        63        66       124       150
         8       171       175       176       181
         4       172       177       177       182
         4       177       177       182       186
         8       136       160       172       177
         8       130       136       160       177
         8       130       156       160       177
         4       160       172       177       177
         4       160       177       177       186
         8       156       160       177       186
         8        69       130       136       160
         8        69       130       156       160
         8        66        69       130       156
         8       175       176       185       185
         8       176       181       185       185
         8       175       176       181       185
         4       181       181       185       185
         8       181       185       185       185
         8       175       181       185       185
         4       136       136       140       172
         4       136       136       160       172
         4        72       136       136       140
         4        72       136       136       160
         8        69        72       136       160
         2       185       185       185       185
         8        58        60        60        74
         4        69        69        72       158
         4        69        69        72       160
         8        69        82       152       158
         8        66        69        82       152
         8        66        69        82       156
         4        69        69        82       158
         4        69        69        82       160
         8        69        82       156       160
         8        66        79       146       152
         8        63        66        79       146
         8        63        66        79       150
         8        66        79        82       152
         8        66        79        82       156
         8        66        79       150       156
         8        63        76       142       146
        16        60        63        76       142
         8        63        76        79       146
         8        63        76        79       150
         8        63        76       142       150
         8        60        60        74       142
        16        60        74        76       142
         4       152       152       158       184
         4        82       152       152       158
         8       152       166       180       184
         8       146       152       166       180
         8        79       146       152       166
         4       152       152       166       184
         4        82       152       152       166
         8        79        82       152       166
         8       146       150       162       180
         8       142       146       150       162
         8        76       142       146       162
         8       146       162       166       180
         8        79       146       162       166
         8        76        79       146       162
         8        76       142       150       162
         8        76        76       142       162
         8        74        76        76       142
         4       180       180       184       186
         4       166       180       180       184
         8       156       168       180       186
         8       150       156       168       180
         8       150       162       168       180
         4       168       180       180       186
         4       166       168       180       180
         8       162       166       168       180
         8        79       150       156       168
         8        79       150       162       168
         8        76        79       150       162
         4       156       156       160       186
         4       156       156       168       186
         4        82       156       156       160
         4        82       156       156       168
         8        79        82       156       168
         8        74        76        76        84
         4        79        79        82       166
         4        79        79        82       168
         8        79        86       162       166
        16        76        79        86       162
         4        79        79        86       166
         4        79        79        86       168
         8        79        86       162       168
         8        76        76        84       162
        16        76        84        86       162
         4       162       162       166       168
         4        86       162       162       166
         4        86       162       162       168
         4        86        86       162       162
         8        84        86        86       162
         4        84        84        86        86
